ecc: true
ema_alpha: 0.8962157769329083
max_age: 40     # 每个跟踪器被保存保存多少帧，若超过max_age还未被匹配到，则会删除该track
max_dist: 0.1594374041012136
max_iou_dist: 0.5431835667667874
max_unmatched_preds: 0
mc_lambda: 0.995
n_init: 3
nn_budget: 100
conf_thres: 0.5122620708221085
